[app/ui]
version = 7.2.6
modtime = 1565135990.230976000

[app/launcher]
version = 7.2.6
modtime = 1565135990.234550000

[views/overview]
owner = admin
version = 7.2.6
modtime = 1565694404.985085000

[nav/default]
version = 7.2.6
modtime = 1565177604.947601000
